MinMax: 1 Array size: 1000 type: random time: 2.3933e-06
MinMax: 1 Array size: 10000 type: random time: 2.56457e-05
MinMax: 1 Array size: 100000 type: random time: 0.000229311
MinMax: 1 Array size: 500000 type: random time: 0.00112114
