P1 = 7.37731e+06
P2 = 7.37587e+06
P3 = 7.37647e+06
P4 = 7.37629e+06
P5 = 7.376e+06
P6 = 7.37675e+06
P7 = 7.37599e+06
P8 = 7.37629e+06
Tempo de execucao: 3.45537